<?xml version="1.0" encoding="utf-8"?>
<opencv_storage>
   <matlab_R type_id="opencv-matrix">
      <rows>3</rows>
      <cols>3</cols>
      <dt>f</dt>
      <data>0.996115 -0.073812 0.048027 0.074077 0.997245 -0.003763 -0.047617 0.007306 0.998839 </data>
   </matlab_R>
</opencv_storage>