<?xml version="1.0" encoding="utf-8"?>
<opencv_storage>
   <matlab_cameraMatrixR type_id="opencv-matrix">
      <rows>3</rows>
      <cols>3</cols>
      <dt>f</dt>
      <data>2285.381446 0.000000 1016.060146 0.000000 1710.482746 587.430966 0.000000 0.000000 1.000000 </data>
   </matlab_cameraMatrixR>
</opencv_storage>